2015-12-04 15:02:53
00000 00121 00000 00122 00000 00123 00000 00124 
00117 00000 00118 00000 00119 00000 00120 00000 
00000 00113 00000 00114 00000 00115 00000 00116 
00000 00000 00000 00000 00000 00000 00000 00000 
00000 00000 00000 00000 00000 00000 00000 00000 
01109 00000 01110 00000 01111 00000 01112 00000 
00000 01105 00000 01106 00000 01107 00000 01108 
01101 00000 01102 00000 01103 00000 01104 00000 
Black:
CanBeat:False

Going to beat : false
MoveStatus: True

black - c3:b4-> 18:25
White: 
Which puppet can move
41 43 45 47 
Which can beat

white - h6:g5 -> 47:38

